motif	real	rand	srand	zscore
14	0	0.000	0.000	888888.000
28	0	0.000	0.000	888888.000
30	0	0.000	0.000	888888.000
74	0	0.000	0.000	888888.000
76	0	0.000	0.000	888888.000
78	0	0.000	0.000	888888.000
90	0	0.000	0.000	888888.000
92	0	0.000	0.000	888888.000
94	0	0.000	0.000	888888.000
204	0	0.000	0.000	888888.000
206	0	0.000	0.000	888888.000
222	0	0.000	0.000	888888.000
280	0	0.000	0.000	888888.000
282	0	0.000	0.000	888888.000
286	0	0.000	0.000	888888.000
328	0	0.000	0.000	888888.000
330	0	0.000	0.000	888888.000
332	0	0.000	0.000	888888.000
334	0	0.000	0.000	888888.000
344	0	0.000	0.000	888888.000
346	0	0.000	0.000	888888.000
348	0	0.000	0.000	888888.000
350	0	0.000	0.000	888888.000
390	0	0.000	0.000	888888.000
392	0	0.000	0.000	888888.000
394	0	0.000	0.000	888888.000
396	0	0.000	0.000	888888.000
398	0	0.000	0.000	888888.000
404	0	0.000	0.000	888888.000
406	0	0.000	0.000	888888.000
408	0	0.000	0.000	888888.000
410	0	0.000	0.000	888888.000
412	0	0.000	0.000	888888.000
414	0	0.000	0.000	888888.000
454	0	0.000	0.000	888888.000
456	0	0.000	0.000	888888.000
458	0	0.000	0.000	888888.000
460	0	0.000	0.000	888888.000
462	0	0.000	0.000	888888.000
468	0	0.000	0.000	888888.000
470	0	0.000	0.000	888888.000
472	0	0.000	0.000	888888.000
474	1	0.000	0.000	888888.000
476	0	0.000	0.000	888888.000
478	0	0.000	0.000	888888.000
856	0	0.000	0.000	888888.000
858	0	0.000	0.000	888888.000
862	0	0.000	0.000	888888.000
904	0	0.000	0.000	888888.000
906	0	0.000	0.000	888888.000
908	0	0.000	0.000	888888.000
910	0	0.000	0.000	888888.000
922	0	0.000	0.000	888888.000
924	0	0.000	0.000	888888.000
926	0	0.000	0.000	888888.000
972	0	0.000	0.000	888888.000
974	0	0.000	0.000	888888.000
990	0	0.000	0.000	888888.000
2184	0	0.000	0.000	888888.000
2186	0	0.000	0.000	888888.000
2190	0	0.000	0.000	888888.000
2202	0	0.000	0.000	888888.000
2204	0	0.000	0.000	888888.000
2206	0	0.000	0.000	888888.000
2252	0	0.000	0.000	888888.000
2254	0	0.000	0.000	888888.000
2270	0	0.000	0.000	888888.000
2458	0	0.000	0.000	888888.000
2462	0	0.000	0.000	888888.000
2506	0	0.000	0.000	888888.000
2510	0	0.000	0.000	888888.000
2524	0	0.000	0.000	888888.000
2526	0	0.000	0.000	888888.000
3038	0	0.000	0.000	888888.000
4370	0	0.000	0.000	888888.000
4374	0	0.000	0.000	888888.000
4382	0	0.000	0.000	888888.000
4418	0	0.000	0.000	888888.000
4420	0	0.000	0.000	888888.000
4422	0	0.000	0.000	888888.000
4424	0	0.000	0.000	888888.000
4426	0	0.000	0.000	888888.000
4428	0	0.000	0.000	888888.000
4430	0	0.000	0.000	888888.000
4434	0	0.000	0.000	888888.000
4436	0	0.000	0.000	888888.000
4438	0	0.000	0.000	888888.000
4440	0	0.000	0.000	888888.000
4442	0	0.000	0.000	888888.000
4444	0	0.000	0.000	888888.000
4446	0	0.000	0.000	888888.000
4546	0	0.000	0.000	888888.000
4548	0	0.000	0.000	888888.000
4550	0	0.000	0.000	888888.000
4556	0	0.000	0.000	888888.000
4558	1	0.000	0.000	888888.000
4562	0	0.000	0.000	888888.000
4564	0	0.000	0.000	888888.000
4566	0	0.000	0.000	888888.000
4572	0	0.000	0.000	888888.000
4574	0	0.000	0.000	888888.000
4678	0	0.000	0.000	888888.000
4682	0	0.000	0.000	888888.000
4686	0	0.000	0.000	888888.000
4692	0	0.000	0.000	888888.000
4694	0	0.000	0.000	888888.000
4698	0	0.000	0.000	888888.000
4700	0	0.000	0.000	888888.000
4702	0	0.000	0.000	888888.000
4740	0	0.000	0.000	888888.000
4742	0	0.000	0.000	888888.000
4748	0	0.000	0.000	888888.000
4750	0	0.000	0.000	888888.000
4758	0	0.000	0.000	888888.000
4764	0	0.000	0.000	888888.000
4766	0	0.000	0.000	888888.000
4812	0	0.000	0.000	888888.000
4814	0	0.000	0.000	888888.000
4830	0	0.000	0.000	888888.000
4946	0	0.000	0.000	888888.000
4950	0	0.000	0.000	888888.000
4952	0	0.000	0.000	888888.000
4954	0	0.000	0.000	888888.000
4958	0	0.000	0.000	888888.000
4994	0	0.000	0.000	888888.000
4998	0	0.000	0.000	888888.000
5002	0	0.000	0.000	888888.000
5004	1	0.000	0.000	888888.000
5006	0	0.000	0.000	888888.000
5010	0	0.000	0.000	888888.000
5012	0	0.000	0.000	888888.000
5014	0	0.000	0.000	888888.000
5016	0	0.000	0.000	888888.000
5018	0	0.000	0.000	888888.000
5020	0	0.000	0.000	888888.000
5022	0	0.000	0.000	888888.000
5058	0	0.000	0.000	888888.000
5062	0	0.000	0.000	888888.000
5064	0	0.000	0.000	888888.000
5066	1	0.000	0.000	888888.000
5068	0	0.000	0.000	888888.000
5070	0	0.000	0.000	888888.000
5074	0	0.000	0.000	888888.000
5076	0	0.000	0.000	888888.000
5078	0	0.000	0.000	888888.000
5080	0	0.000	0.000	888888.000
5082	0	0.000	0.000	888888.000
5084	0	0.000	0.000	888888.000
5086	0	0.000	0.000	888888.000
6342	0	0.000	0.000	888888.000
6348	0	0.000	0.000	888888.000
6350	0	0.000	0.000	888888.000
6356	0	0.000	0.000	888888.000
6358	0	0.000	0.000	888888.000
6364	0	0.000	0.000	888888.000
6366	0	0.000	0.000	888888.000
6550	0	0.000	0.000	888888.000
6552	0	0.000	0.000	888888.000
6554	0	0.000	0.000	888888.000
6558	0	0.000	0.000	888888.000
6598	0	0.000	0.000	888888.000
6602	0	0.000	0.000	888888.000
6604	0	0.000	0.000	888888.000
6606	0	0.000	0.000	888888.000
6614	0	0.000	0.000	888888.000
6616	0	0.000	0.000	888888.000
6618	0	0.000	0.000	888888.000
6620	0	0.000	0.000	888888.000
6622	0	0.000	0.000	888888.000
6854	0	0.000	0.000	888888.000
6858	1	0.000	0.000	888888.000
6862	0	0.000	0.000	888888.000
6870	0	0.000	0.000	888888.000
6874	0	0.000	0.000	888888.000
6876	0	0.000	0.000	888888.000
6878	0	0.000	0.000	888888.000
7126	0	0.000	0.000	888888.000
7128	0	0.000	0.000	888888.000
7130	0	0.000	0.000	888888.000
7134	0	0.000	0.000	888888.000
13142	0	0.000	0.000	888888.000
13146	0	0.000	0.000	888888.000
13148	0	0.000	0.000	888888.000
13150	0	0.000	0.000	888888.000
13260	0	0.000	0.000	888888.000
13262	0	0.000	0.000	888888.000
13278	0	0.000	0.000	888888.000
14678	0	0.000	0.000	888888.000
14686	0	0.000	0.000	888888.000
14790	0	0.000	0.000	888888.000
14798	0	0.000	0.000	888888.000
14810	0	0.000	0.000	888888.000
14812	0	0.000	0.000	888888.000
14814	0	0.000	0.000	888888.000
15258	0	0.000	0.000	888888.000
15262	0	0.000	0.000	888888.000
15310	0	0.000	0.000	888888.000
15326	0	0.000	0.000	888888.000
31710	0	0.000	0.000	888888.000
