motif	real	rand	srand	zscore
14	780	762.940	63.045	0.271
28	45	150.448	23.180	-4.549
30	26	42.728	10.758	-1.555
74	679	443.188	49.643	4.750
76	800	1608.332	57.111	-14.154
78	788	1210.444	43.526	-9.706
90	15	34.964	12.231	-1.632
92	262	345.316	32.001	-2.604
94	124	173.676	18.133	-2.740
204	595	448.044	52.352	2.807
206	679	410.200	30.487	8.817
222	133	91.776	14.062	2.932
280	337	193.800	31.869	4.493
282	4	18.008	7.175	-1.952
286	0	0.220	0.577	-0.381
328	138	94.004	17.026	2.584
330	0	20.548	12.426	-1.654
332	8	25.136	12.762	-1.343
334	0	10.208	8.575	-1.190
344	301	121.304	21.012	8.552
346	0	7.996	4.306	-1.857
348	24	26.420	11.839	-0.204
350	0	1.416	1.604	-0.883
390	16	6.372	2.948	3.266
392	318	319.792	37.000	-0.048
394	55	63.056	14.456	-0.557
396	7	27.392	6.598	-3.091
398	7	15.372	5.354	-1.564
404	2	12.408	5.491	-1.895
406	0	1.348	2.397	-0.562
408	322	435.328	34.417	-3.293
410	12	36.084	12.806	-1.881
412	14	15.336	5.667	-0.236
414	0	0.828	1.515	-0.546
454	0	1.904	2.000	-0.952
456	5	103.208	19.985	-4.914
458	0	8.604	6.232	-1.381
460	13	20.256	8.848	-0.820
462	0	4.360	4.922	-0.886
468	11	18.696	7.705	-0.999
470	5	4.324	2.815	0.240
472	111	274.548	25.013	-6.539
474	0	17.508	10.814	-1.619
476	63	41.828	15.397	1.375
478	0	3.524	3.342	-1.055
856	28	6.168	3.649	5.983
858	0	1.648	1.466	-1.124
862	2	1.952	1.881	0.026
904	180	48.916	14.250	9.199
906	120	68.772	14.945	3.428
908	7	12.276	5.736	-0.920
910	38	28.144	7.527	1.309
922	25	19.040	7.416	0.804
924	0	2.292	2.389	-0.959
926	1	1.352	1.632	-0.216
972	0	0.856	1.503	-0.569
974	2	3.768	2.742	-0.645
990	5	2.972	2.463	0.823
2184	482	417.388	42.704	1.513
2186	515	787.632	40.225	-6.778
2190	497	273.848	31.573	7.068
2202	56	63.632	14.580	-0.523
2204	47	128.412	19.426	-4.191
2206	63	70.648	15.046	-0.508
2252	403	400.292	26.357	0.103
2254	327	293.852	29.058	1.141
2270	87	66.104	12.693	1.646
2458	41	53.332	19.015	-0.649
2462	0	2.584	4.324	-0.598
2506	0	1.976	2.316	-0.853
2510	0	11.264	10.356	-1.088
2524	102	53.436	14.790	3.284
2526	13	10.996	6.624	0.303
3038	5	2.604	2.018	1.187
4370	6	12.396	7.020	-0.911
4374	0	0.132	0.636	-0.208
4382	0	0.000	0.000	888888.000
4418	0	27.640	12.483	-2.214
4420	3	8.780	5.609	-1.030
4422	0	3.828	3.222	-1.188
4424	0	1.932	1.728	-1.118
4426	0	0.560	0.811	-0.691
4428	0	0.252	0.774	-0.326
4430	0	0.032	0.176	-0.181
4434	0	7.640	5.926	-1.289
4436	34	34.540	9.720	-0.056
4438	0	1.028	1.750	-0.587
4440	0	4.040	2.979	-1.356
4442	0	0.068	0.369	-0.184
4444	0	0.300	1.080	-0.278
4446	0	0.000	0.000	888888.000
4546	0	2.744	4.118	-0.666
4548	0	2.736	2.491	-1.099
4550	0	0.208	0.535	-0.389
4556	0	0.056	0.247	-0.227
4558	0	0.008	0.089	-0.090
4562	0	1.652	2.939	-0.562
4564	12	11.564	5.152	0.085
4566	0	0.476	0.883	-0.539
4572	0	0.132	0.623	-0.212
4574	0	0.000	0.000	888888.000
4678	0	0.644	0.951	-0.677
4682	0	0.020	0.140	-0.143
4686	0	0.068	0.322	-0.211
4692	0	3.364	3.407	-0.987
4694	0	0.296	0.634	-0.467
4698	0	0.000	0.000	888888.000
4700	0	0.024	0.178	-0.135
4702	0	0.000	0.000	888888.000
4740	0	1.684	1.513	-1.113
4742	0	5.264	3.491	-1.508
4748	0	0.684	0.982	-0.697
4750	0	1.488	1.889	-0.788
4758	0	0.664	1.140	-0.582
4764	0	0.248	0.569	-0.436
4766	0	0.100	0.350	-0.286
4812	0	0.040	0.196	-0.204
4814	0	0.000	0.000	888888.000
4830	0	0.000	0.000	888888.000
4946	0	1.688	2.597	-0.650
4950	0	1.508	1.532	-0.984
4952	0	0.148	0.455	-0.325
4954	0	0.012	0.109	-0.110
4958	0	0.000	0.000	888888.000
4994	0	26.852	11.862	-2.264
4998	0	1.300	1.449	-0.897
5002	0	3.080	2.776	-1.110
5004	0	0.212	0.537	-0.395
5006	0	0.096	0.409	-0.235
5010	0	6.612	4.700	-1.407
5012	0	0.576	1.039	-0.554
5014	0	0.120	0.382	-0.314
5016	0	2.720	2.407	-1.130
5018	0	0.328	0.758	-0.433
5020	0	0.036	0.243	-0.148
5022	0	0.000	0.000	888888.000
5058	0	1.264	1.680	-0.752
5062	0	0.092	0.363	-0.253
5064	0	0.116	0.378	-0.307
5066	0	0.000	0.000	888888.000
5068	0	0.020	0.140	-0.143
5070	0	0.000	0.000	888888.000
5074	0	0.400	0.821	-0.487
5076	0	0.968	1.645	-0.588
5078	0	0.844	1.055	-0.800
5080	0	1.732	1.587	-1.091
5082	0	0.036	0.187	-0.193
5084	0	0.100	0.393	-0.254
5086	0	0.000	0.000	888888.000
6342	0	2.112	2.358	-0.896
6348	0	4.872	4.580	-1.064
6350	0	1.084	1.913	-0.567
6356	0	19.536	9.720	-2.010
6358	0	2.764	2.885	-0.958
6364	0	9.004	5.724	-1.573
6366	0	0.684	1.245	-0.549
6550	0	0.064	0.329	-0.194
6552	32	16.052	7.133	2.236
6554	0	1.992	3.171	-0.628
6558	0	0.000	0.000	888888.000
6598	0	0.384	0.769	-0.500
6602	0	0.212	0.544	-0.390
6604	0	0.460	0.944	-0.487
6606	0	0.032	0.235	-0.136
6614	0	0.380	0.794	-0.479
6616	15	6.792	3.320	2.472
6618	0	0.616	1.204	-0.511
6620	0	0.824	1.415	-0.583
6622	0	0.000	0.000	888888.000
6854	0	0.184	0.565	-0.326
6858	0	0.336	0.652	-0.516
6862	0	0.016	0.126	-0.127
6870	0	0.092	0.352	-0.261
6874	0	0.040	0.196	-0.204
6876	0	0.036	0.243	-0.148
6878	0	0.000	0.000	888888.000
7126	0	0.636	0.850	-0.748
7128	6	2.488	2.052	1.712
7130	0	0.452	0.776	-0.583
7134	0	0.000	0.000	888888.000
13142	4	2.400	2.086	0.767
13146	0	0.016	0.126	-0.127
13148	0	0.024	0.153	-0.156
13150	0	0.000	0.000	888888.000
13260	0	0.000	0.000	888888.000
13262	0	0.000	0.000	888888.000
13278	0	0.000	0.000	888888.000
14678	0	0.016	0.126	-0.127
14686	0	0.000	0.000	888888.000
14790	0	0.000	0.000	888888.000
14798	0	0.008	0.089	-0.090
14810	0	0.236	0.511	-0.462
14812	0	0.228	0.420	-0.542
14814	0	0.000	0.000	888888.000
15258	5	2.356	1.875	1.410
15262	0	0.000	0.000	888888.000
15310	0	0.020	0.140	-0.143
15326	0	0.000	0.000	888888.000
31710	0	0.000	0.000	888888.000
