14
1 4
1 3
1 2
28
2 1
1 4
1 3
30
2 1
1 4
1 3
1 2
74
2 3
1 4
1 2
76
2 3
1 4
1 3
78
2 3
1 4
1 3
1 2
90
2 3
2 1
1 4
1 2
92
2 3
2 1
1 4
1 3
94
2 3
2 1
1 4
1 3
1 2
204
2 4
2 3
1 4
1 3
206
2 4
2 3
1 4
1 3
1 2
222
2 4
2 3
2 1
1 4
1 3
1 2
280
3 1
2 1
1 4
282
3 1
2 1
1 4
1 2
286
3 1
2 1
1 4
1 3
1 2
328
3 1
2 3
1 4
330
3 1
2 3
1 4
1 2
332
3 1
2 3
1 4
1 3
334
3 1
2 3
1 4
1 3
1 2
344
3 1
2 3
2 1
1 4
346
3 1
2 3
2 1
1 4
1 2
348
3 1
2 3
2 1
1 4
1 3
350
3 1
2 3
2 1
1 4
1 3
1 2
390
3 1
2 4
1 3
1 2
392
3 1
2 4
1 4
394
3 1
2 4
1 4
1 2
396
3 1
2 4
1 4
1 3
398
3 1
2 4
1 4
1 3
1 2
404
3 1
2 4
2 1
1 3
406
3 1
2 4
2 1
1 3
1 2
408
3 1
2 4
2 1
1 4
410
3 1
2 4
2 1
1 4
1 2
412
3 1
2 4
2 1
1 4
1 3
414
3 1
2 4
2 1
1 4
1 3
1 2
454
3 1
2 4
2 3
1 3
1 2
456
3 1
2 4
2 3
1 4
458
3 1
2 4
2 3
1 4
1 2
460
3 1
2 4
2 3
1 4
1 3
462
3 1
2 4
2 3
1 4
1 3
1 2
468
3 1
2 4
2 3
2 1
1 3
470
3 1
2 4
2 3
2 1
1 3
1 2
472
3 1
2 4
2 3
2 1
1 4
474
3 1
2 4
2 3
2 1
1 4
1 2
476
3 1
2 4
2 3
2 1
1 4
1 3
478
3 1
2 4
2 3
2 1
1 4
1 3
1 2
856
3 2
3 1
2 3
2 1
1 4
858
3 2
3 1
2 3
2 1
1 4
1 2
862
3 2
3 1
2 3
2 1
1 4
1 3
1 2
904
3 2
3 1
2 4
1 4
906
3 2
3 1
2 4
1 4
1 2
908
3 2
3 1
2 4
1 4
1 3
910
3 2
3 1
2 4
1 4
1 3
1 2
922
3 2
3 1
2 4
2 1
1 4
1 2
924
3 2
3 1
2 4
2 1
1 4
1 3
926
3 2
3 1
2 4
2 1
1 4
1 3
1 2
972
3 2
3 1
2 4
2 3
1 4
1 3
974
3 2
3 1
2 4
2 3
1 4
1 3
1 2
990
3 2
3 1
2 4
2 3
2 1
1 4
1 3
1 2
2184
3 4
2 4
1 4
2186
3 4
2 4
1 4
1 2
2190
3 4
2 4
1 4
1 3
1 2
2202
3 4
2 4
2 1
1 4
1 2
2204
3 4
2 4
2 1
1 4
1 3
2206
3 4
2 4
2 1
1 4
1 3
1 2
2252
3 4
2 4
2 3
1 4
1 3
2254
3 4
2 4
2 3
1 4
1 3
1 2
2270
3 4
2 4
2 3
2 1
1 4
1 3
1 2
2458
3 4
3 1
2 4
2 1
1 4
1 2
2462
3 4
3 1
2 4
2 1
1 4
1 3
1 2
2506
3 4
3 1
2 4
2 3
1 4
1 2
2510
3 4
3 1
2 4
2 3
1 4
1 3
1 2
2524
3 4
3 1
2 4
2 3
2 1
1 4
1 3
2526
3 4
3 1
2 4
2 3
2 1
1 4
1 3
1 2
3038
3 4
3 2
3 1
2 4
2 3
2 1
1 4
1 3
1 2
4370
4 1
3 1
2 1
1 2
4374
4 1
3 1
2 1
1 3
1 2
4382
4 1
3 1
2 1
1 4
1 3
1 2
4418
4 1
3 1
2 3
1 2
4420
4 1
3 1
2 3
1 3
4422
4 1
3 1
2 3
1 3
1 2
4424
4 1
3 1
2 3
1 4
4426
4 1
3 1
2 3
1 4
1 2
4428
4 1
3 1
2 3
1 4
1 3
4430
4 1
3 1
2 3
1 4
1 3
1 2
4434
4 1
3 1
2 3
2 1
1 2
4436
4 1
3 1
2 3
2 1
1 3
4438
4 1
3 1
2 3
2 1
1 3
1 2
4440
4 1
3 1
2 3
2 1
1 4
4442
4 1
3 1
2 3
2 1
1 4
1 2
4444
4 1
3 1
2 3
2 1
1 4
1 3
4446
4 1
3 1
2 3
2 1
1 4
1 3
1 2
4546
4 1
3 1
2 4
2 3
1 2
4548
4 1
3 1
2 4
2 3
1 3
4550
4 1
3 1
2 4
2 3
1 3
1 2
4556
4 1
3 1
2 4
2 3
1 4
1 3
4558
4 1
3 1
2 4
2 3
1 4
1 3
1 2
4562
4 1
3 1
2 4
2 3
2 1
1 2
4564
4 1
3 1
2 4
2 3
2 1
1 3
4566
4 1
3 1
2 4
2 3
2 1
1 3
1 2
4572
4 1
3 1
2 4
2 3
2 1
1 4
1 3
4574
4 1
3 1
2 4
2 3
2 1
1 4
1 3
1 2
4678
4 1
3 2
2 3
1 3
1 2
4682
4 1
3 2
2 3
1 4
1 2
4686
4 1
3 2
2 3
1 4
1 3
1 2
4692
4 1
3 2
2 3
2 1
1 3
4694
4 1
3 2
2 3
2 1
1 3
1 2
4698
4 1
3 2
2 3
2 1
1 4
1 2
4700
4 1
3 2
2 3
2 1
1 4
1 3
4702
4 1
3 2
2 3
2 1
1 4
1 3
1 2
4740
4 1
3 2
2 4
1 3
4742
4 1
3 2
2 4
1 3
1 2
4748
4 1
3 2
2 4
1 4
1 3
4750
4 1
3 2
2 4
1 4
1 3
1 2
4758
4 1
3 2
2 4
2 1
1 3
1 2
4764
4 1
3 2
2 4
2 1
1 4
1 3
4766
4 1
3 2
2 4
2 1
1 4
1 3
1 2
4812
4 1
3 2
2 4
2 3
1 4
1 3
4814
4 1
3 2
2 4
2 3
1 4
1 3
1 2
4830
4 1
3 2
2 4
2 3
2 1
1 4
1 3
1 2
4946
4 1
3 2
3 1
2 3
2 1
1 2
4950
4 1
3 2
3 1
2 3
2 1
1 3
1 2
4952
4 1
3 2
3 1
2 3
2 1
1 4
4954
4 1
3 2
3 1
2 3
2 1
1 4
1 2
4958
4 1
3 2
3 1
2 3
2 1
1 4
1 3
1 2
4994
4 1
3 2
3 1
2 4
1 2
4998
4 1
3 2
3 1
2 4
1 3
1 2
5002
4 1
3 2
3 1
2 4
1 4
1 2
5004
4 1
3 2
3 1
2 4
1 4
1 3
5006
4 1
3 2
3 1
2 4
1 4
1 3
1 2
5010
4 1
3 2
3 1
2 4
2 1
1 2
5012
4 1
3 2
3 1
2 4
2 1
1 3
5014
4 1
3 2
3 1
2 4
2 1
1 3
1 2
5016
4 1
3 2
3 1
2 4
2 1
1 4
5018
4 1
3 2
3 1
2 4
2 1
1 4
1 2
5020
4 1
3 2
3 1
2 4
2 1
1 4
1 3
5022
4 1
3 2
3 1
2 4
2 1
1 4
1 3
1 2
5058
4 1
3 2
3 1
2 4
2 3
1 2
5062
4 1
3 2
3 1
2 4
2 3
1 3
1 2
5064
4 1
3 2
3 1
2 4
2 3
1 4
5066
4 1
3 2
3 1
2 4
2 3
1 4
1 2
5068
4 1
3 2
3 1
2 4
2 3
1 4
1 3
5070
4 1
3 2
3 1
2 4
2 3
1 4
1 3
1 2
5074
4 1
3 2
3 1
2 4
2 3
2 1
1 2
5076
4 1
3 2
3 1
2 4
2 3
2 1
1 3
5078
4 1
3 2
3 1
2 4
2 3
2 1
1 3
1 2
5080
4 1
3 2
3 1
2 4
2 3
2 1
1 4
5082
4 1
3 2
3 1
2 4
2 3
2 1
1 4
1 2
5084
4 1
3 2
3 1
2 4
2 3
2 1
1 4
1 3
5086
4 1
3 2
3 1
2 4
2 3
2 1
1 4
1 3
1 2
6342
4 1
3 4
2 4
2 3
1 3
1 2
6348
4 1
3 4
2 4
2 3
1 4
1 3
6350
4 1
3 4
2 4
2 3
1 4
1 3
1 2
6356
4 1
3 4
2 4
2 3
2 1
1 3
6358
4 1
3 4
2 4
2 3
2 1
1 3
1 2
6364
4 1
3 4
2 4
2 3
2 1
1 4
1 3
6366
4 1
3 4
2 4
2 3
2 1
1 4
1 3
1 2
6550
4 1
3 4
3 1
2 4
2 1
1 3
1 2
6552
4 1
3 4
3 1
2 4
2 1
1 4
6554
4 1
3 4
3 1
2 4
2 1
1 4
1 2
6558
4 1
3 4
3 1
2 4
2 1
1 4
1 3
1 2
6598
4 1
3 4
3 1
2 4
2 3
1 3
1 2
6602
4 1
3 4
3 1
2 4
2 3
1 4
1 2
6604
4 1
3 4
3 1
2 4
2 3
1 4
1 3
6606
4 1
3 4
3 1
2 4
2 3
1 4
1 3
1 2
6614
4 1
3 4
3 1
2 4
2 3
2 1
1 3
1 2
6616
4 1
3 4
3 1
2 4
2 3
2 1
1 4
6618
4 1
3 4
3 1
2 4
2 3
2 1
1 4
1 2
6620
4 1
3 4
3 1
2 4
2 3
2 1
1 4
1 3
6622
4 1
3 4
3 1
2 4
2 3
2 1
1 4
1 3
1 2
6854
4 1
3 4
3 2
2 4
2 3
1 3
1 2
6858
4 1
3 4
3 2
2 4
2 3
1 4
1 2
6862
4 1
3 4
3 2
2 4
2 3
1 4
1 3
1 2
6870
4 1
3 4
3 2
2 4
2 3
2 1
1 3
1 2
6874
4 1
3 4
3 2
2 4
2 3
2 1
1 4
1 2
6876
4 1
3 4
3 2
2 4
2 3
2 1
1 4
1 3
6878
4 1
3 4
3 2
2 4
2 3
2 1
1 4
1 3
1 2
7126
4 1
3 4
3 2
3 1
2 4
2 3
2 1
1 3
1 2
7128
4 1
3 4
3 2
3 1
2 4
2 3
2 1
1 4
7130
4 1
3 4
3 2
3 1
2 4
2 3
2 1
1 4
1 2
7134
4 1
3 4
3 2
3 1
2 4
2 3
2 1
1 4
1 3
1 2
13142
4 2
4 1
3 2
3 1
2 3
2 1
1 3
1 2
13146
4 2
4 1
3 2
3 1
2 3
2 1
1 4
1 2
13148
4 2
4 1
3 2
3 1
2 3
2 1
1 4
1 3
13150
4 2
4 1
3 2
3 1
2 3
2 1
1 4
1 3
1 2
13260
4 2
4 1
3 2
3 1
2 4
2 3
1 4
1 3
13262
4 2
4 1
3 2
3 1
2 4
2 3
1 4
1 3
1 2
13278
4 2
4 1
3 2
3 1
2 4
2 3
2 1
1 4
1 3
1 2
14678
4 2
4 1
3 4
3 1
2 3
2 1
1 3
1 2
14686
4 2
4 1
3 4
3 1
2 3
2 1
1 4
1 3
1 2
14790
4 2
4 1
3 4
3 1
2 4
2 3
1 3
1 2
14798
4 2
4 1
3 4
3 1
2 4
2 3
1 4
1 3
1 2
14810
4 2
4 1
3 4
3 1
2 4
2 3
2 1
1 4
1 2
14812
4 2
4 1
3 4
3 1
2 4
2 3
2 1
1 4
1 3
14814
4 2
4 1
3 4
3 1
2 4
2 3
2 1
1 4
1 3
1 2
15258
4 2
4 1
3 4
3 2
3 1
2 4
2 1
1 4
1 2
15262
4 2
4 1
3 4
3 2
3 1
2 4
2 1
1 4
1 3
1 2
15310
4 2
4 1
3 4
3 2
3 1
2 4
2 3
1 4
1 3
1 2
15326
4 2
4 1
3 4
3 2
3 1
2 4
2 3
2 1
1 4
1 3
1 2
31710
4 3
4 2
4 1
3 4
3 2
3 1
2 4
2 3
2 1
1 4
1 3
1 2
