id frequency
14 85
28 168
30 168
74 265
76 267
78 269
90 139
92 265
94 267
204 105
206 168
222 105
280 168
282 269
286 168
328 267
330 265
332 263
334 265
344 265
346 263
348 265
350 265
390 265
392 265
394 265
396 267
398 265
404 267
406 267
408 265
410 265
412 263
414 267
454 267
456 267
458 265
460 267
462 265
468 169
470 267
472 267
474 267
476 267
478 267
856 166
858 265
862 168
904 166
906 265
908 265
910 265
922 166
924 263
926 265
972 166
974 265
990 168
2184 85
2186 269
2190 166
2202 169
2204 267
2206 267
2252 168
2254 269
2270 168
2458 267
2462 169
2506 99
2510 267
2524 166
2526 269
3038 85
4370 168
4374 168
4382 85
4418 265
4420 139
4422 263
4424 265
4426 263
4428 267
4430 265
4434 265
4436 267
4438 265
4440 265
4442 265
4444 267
4446 269
4546 166
4548 265
4550 265
4556 166
4558 166
4562 166
4564 267
4566 265
4572 169
4574 166
4678 166
4682 267
4686 166
4692 267
4694 265
4698 145
4700 265
4702 267
4740 71
4742 263
4748 263
4750 263
4758 139
4764 265
4766 263
4812 139
4814 265
4830 139
4946 267
4950 168
4952 166
4954 267
4958 171
4994 265
4998 265
5002 263
5004 265
5006 267
5010 267
5012 263
5014 263
5016 265
5018 265
5020 267
5022 267
5058 265
5062 263
5064 139
5066 263
5068 267
5070 265
5074 265
5076 263
5078 269
5080 267
5082 263
5084 267
5086 271
6342 269
6348 265
6350 265
6356 99
6358 265
6364 267
6366 265
6550 166
6552 105
6554 267
6558 166
6598 263
6602 265
6604 265
6606 265
6614 265
6616 168
6618 265
6620 269
6622 267
6854 166
6858 265
6862 166
6870 265
6874 267
6876 267
6878 265
7126 168
7128 105
7130 267
7134 168
13142 168
13146 139
13148 265
13150 271
13260 57
13262 168
13278 108
14678 265
14686 99
14790 71
14798 267
14810 168
14812 265
14814 271
15258 85
15262 168
15310 141
15326 172
31710 39
