id	frequency
31710	39
13260	57
4740	71
14790	71
14	85
2184	85
3038	85
4382	85
15258	85
2506	99
6356	99
14686	99
204	105
222	105
6552	105
7128	105
13278	108
90	139
4420	139
4758	139
4812	139
4830	139
5064	139
13146	139
15310	141
4698	145
856	166
904	166
922	166
972	166
2190	166
2524	166
4546	166
4556	166
4558	166
4562	166
4574	166
4678	166
4686	166
4952	166
6550	166
6558	166
6854	166
6862	166
28	168
30	168
206	168
280	168
286	168
862	168
990	168
2252	168
2270	168
4370	168
4374	168
4950	168
6616	168
7126	168
7134	168
13142	168
13262	168
14810	168
15262	168
468	169
2202	169
2462	169
4572	169
4958	171
15326	172
332	263
346	263
412	263
924	263
4422	263
4426	263
4742	263
4748	263
4750	263
4766	263
5002	263
5012	263
5014	263
5062	263
5066	263
5076	263
5082	263
6598	263
74	265
92	265
330	265
334	265
344	265
348	265
350	265
390	265
392	265
394	265
398	265
408	265
410	265
458	265
462	265
858	265
906	265
908	265
910	265
926	265
974	265
4418	265
4424	265
4430	265
4434	265
4438	265
4440	265
4442	265
4548	265
4550	265
4566	265
4694	265
4700	265
4764	265
4814	265
4994	265
4998	265
5004	265
5016	265
5018	265
5058	265
5070	265
5074	265
6348	265
6350	265
6358	265
6366	265
6602	265
6604	265
6606	265
6614	265
6618	265
6858	265
6870	265
6878	265
13148	265
14678	265
14812	265
76	267
94	267
328	267
396	267
404	267
406	267
414	267
454	267
456	267
460	267
470	267
472	267
474	267
476	267
478	267
2204	267
2206	267
2458	267
2510	267
4428	267
4436	267
4444	267
4564	267
4682	267
4692	267
4702	267
4946	267
4954	267
5006	267
5010	267
5020	267
5022	267
5068	267
5080	267
5084	267
6364	267
6554	267
6622	267
6874	267
6876	267
7130	267
14798	267
78	269
282	269
2186	269
2254	269
2526	269
4446	269
5078	269
6342	269
6620	269
5086	271
13150	271
14814	271

