motif	real	id
6	3	14
12	0	14
14	0	14
36	0	14
38	0	14
46	0	14
74	0	14
78	0	14
98	0	14
102	0	14
108	0	14
110	0	14
238	0	14
6	1	28
12	2	28
14	0	28
36	0	28
38	0	28
46	0	28
74	0	28
78	0	28
98	0	28
102	0	28
108	0	28
110	0	28
238	0	28
6	1	30
12	0	30
14	2	30
36	0	30
38	0	30
46	0	30
74	0	30
78	0	30
98	0	30
102	0	30
108	0	30
110	0	30
238	0	30
6	1	74
12	1	74
14	0	74
36	0	74
38	0	74
46	0	74
74	0	74
78	0	74
98	0	74
102	0	74
108	0	74
110	0	74
238	0	74
6	1	76
12	0	76
14	0	76
36	1	76
38	0	76
46	0	76
74	0	76
78	0	76
98	0	76
102	0	76
108	0	76
110	0	76
238	0	76
6	2	78
12	0	78
14	0	78
36	0	78
38	1	78
46	0	78
74	0	78
78	0	78
98	0	78
102	0	78
108	0	78
110	0	78
238	0	78
6	0	90
12	0	90
14	2	90
36	0	90
38	0	90
46	0	90
74	0	90
78	0	90
98	0	90
102	0	90
108	0	90
110	0	90
238	0	90
6	1	92
12	1	92
14	0	92
36	0	92
38	1	92
46	0	92
74	0	92
78	0	92
98	0	92
102	0	92
108	0	92
110	0	92
238	0	92
6	1	94
12	0	94
14	1	94
36	0	94
38	0	94
46	1	94
74	0	94
78	0	94
98	0	94
102	0	94
108	0	94
110	0	94
238	0	94
6	2	204
12	0	204
14	0	204
36	2	204
38	0	204
46	0	204
74	0	204
78	0	204
98	0	204
102	0	204
108	0	204
110	0	204
238	0	204
6	2	206
12	0	206
14	0	206
36	0	206
38	2	206
46	0	206
74	0	206
78	0	206
98	0	206
102	0	206
108	0	206
110	0	206
238	0	206
6	2	222
12	0	222
14	0	222
36	0	222
38	0	222
46	2	222
74	0	222
78	0	222
98	0	222
102	0	222
108	0	222
110	0	222
238	0	222
6	0	280
12	2	280
14	0	280
36	1	280
38	0	280
46	0	280
74	0	280
78	0	280
98	0	280
102	0	280
108	0	280
110	0	280
238	0	280
6	0	282
12	1	282
14	1	282
36	0	282
38	0	282
46	0	282
74	1	282
78	0	282
98	0	282
102	0	282
108	0	282
110	0	282
238	0	282
6	0	286
12	0	286
14	2	286
36	0	286
38	0	286
46	0	286
74	0	286
78	1	286
98	0	286
102	0	286
108	0	286
110	0	286
238	0	286
6	0	328
12	2	328
14	0	328
36	0	328
38	0	328
46	0	328
74	0	328
78	0	328
98	0	328
102	0	328
108	0	328
110	0	328
238	0	328
6	1	330
12	1	330
14	0	330
36	0	330
38	0	330
46	0	330
74	0	330
78	0	330
98	1	330
102	0	330
108	0	330
110	0	330
238	0	330
6	0	332
12	0	332
14	1	332
36	0	332
38	0	332
46	0	332
74	1	332
78	0	332
98	0	332
102	0	332
108	0	332
110	0	332
238	0	332
6	1	334
12	0	334
14	1	334
36	0	334
38	0	334
46	0	334
74	0	334
78	0	334
98	0	334
102	1	334
108	0	334
110	0	334
238	0	334
6	0	344
12	2	344
14	0	344
36	0	344
38	1	344
46	0	344
74	0	344
78	0	344
98	0	344
102	0	344
108	0	344
110	0	344
238	0	344
6	0	346
12	1	346
14	1	346
36	0	346
38	0	346
46	0	346
74	0	346
78	0	346
98	0	346
102	1	346
108	0	346
110	0	346
238	0	346
6	0	348
12	1	348
14	1	348
36	0	348
38	0	348
46	0	348
74	0	348
78	0	348
98	0	348
102	0	348
108	1	348
110	0	348
238	0	348
6	0	350
12	0	350
14	2	350
36	0	350
38	0	350
46	0	350
74	0	350
78	0	350
98	0	350
102	0	350
108	0	350
110	1	350
238	0	350
6	0	390
12	1	390
14	1	390
36	0	390
38	0	390
46	0	390
74	0	390
78	0	390
98	0	390
102	0	390
108	0	390
110	0	390
238	0	390
6	0	392
12	1	392
14	0	392
36	1	392
38	0	392
46	0	392
74	0	392
78	0	392
98	0	392
102	0	392
108	0	392
110	0	392
238	0	392
6	0	394
12	2	394
14	0	394
36	0	394
38	1	394
46	0	394
74	0	394
78	0	394
98	0	394
102	0	394
108	0	394
110	0	394
238	0	394
6	0	396
12	1	396
14	1	396
36	0	396
38	0	396
46	0	396
74	0	396
78	0	396
98	0	396
102	0	396
108	0	396
110	0	396
238	0	396
6	0	398
12	0	398
14	2	398
36	0	398
38	1	398
46	0	398
74	0	398
78	0	398
98	0	398
102	0	398
108	0	398
110	0	398
238	0	398
6	1	404
12	0	404
14	0	404
36	0	404
38	0	404
46	0	404
74	1	404
78	0	404
98	0	404
102	0	404
108	0	404
110	0	404
238	0	404
6	0	406
12	0	406
14	1	406
36	0	406
38	0	406
46	0	406
74	0	406
78	1	406
98	0	406
102	0	406
108	0	406
110	0	406
238	0	406
6	0	408
12	1	408
14	0	408
36	1	408
38	1	408
46	0	408
74	0	408
78	0	408
98	0	408
102	0	408
108	0	408
110	0	408
238	0	408
6	0	410
12	1	410
14	0	410
36	0	410
38	0	410
46	1	410
74	1	410
78	0	410
98	0	410
102	0	410
108	0	410
110	0	410
238	0	410
6	0	412
12	0	412
14	1	412
36	0	412
38	1	412
46	0	412
74	1	412
78	0	412
98	0	412
102	0	412
108	0	412
110	0	412
238	0	412
6	0	414
12	0	414
14	1	414
36	0	414
38	0	414
46	1	414
74	0	414
78	1	414
98	0	414
102	0	414
108	0	414
110	0	414
238	0	414
6	1	454
12	1	454
14	0	454
36	0	454
38	0	454
46	0	454
74	0	454
78	0	454
98	0	454
102	1	454
108	0	454
110	0	454
238	0	454
6	1	456
12	2	456
14	0	456
36	1	456
38	0	456
46	0	456
74	0	456
78	0	456
98	0	456
102	0	456
108	0	456
110	0	456
238	0	456
6	1	458
12	0	458
14	1	458
36	0	458
38	0	458
46	0	458
74	0	458
78	0	458
98	0	458
102	0	458
108	0	458
110	1	458
238	0	458
6	1	460
12	0	460
14	1	460
36	1	460
38	0	460
46	0	460
74	1	460
78	0	460
98	0	460
102	0	460
108	0	460
110	0	460
238	0	460
6	1	462
12	0	462
14	1	462
36	0	462
38	1	462
46	0	462
74	0	462
78	0	462
98	0	462
102	1	462
108	0	462
110	0	462
238	0	462
6	2	468
12	0	468
14	0	468
36	0	468
38	0	468
46	0	468
74	0	468
78	0	468
98	0	468
102	0	468
108	1	468
110	0	468
238	0	468
6	1	470
12	0	470
14	1	470
36	0	470
38	0	470
46	0	470
74	0	470
78	0	470
98	0	470
102	0	470
108	0	470
110	1	470
238	0	470
6	1	472
12	1	472
14	0	472
36	0	472
38	2	472
46	0	472
74	0	472
78	0	472
98	0	472
102	0	472
108	0	472
110	0	472
238	0	472
6	1	474
12	1	474
14	0	474
36	0	474
38	0	474
46	1	474
74	0	474
78	0	474
98	0	474
102	1	474
108	0	474
110	0	474
238	0	474
6	1	476
12	0	476
14	1	476
36	0	476
38	1	476
46	0	476
74	0	476
78	0	476
98	0	476
102	0	476
108	1	476
110	0	476
238	0	476
6	1	478
12	0	478
14	1	478
36	0	478
38	0	478
46	1	478
74	0	478
78	0	478
98	0	478
102	0	478
108	0	478
110	1	478
238	0	478
6	0	856
12	2	856
14	0	856
36	0	856
38	2	856
46	0	856
74	0	856
78	0	856
98	0	856
102	0	856
108	0	856
110	0	856
238	0	856
6	0	858
12	1	858
14	1	858
36	0	858
38	0	858
46	0	858
74	0	858
78	0	858
98	0	858
102	0	858
108	0	858
110	1	858
238	0	858
6	0	862
12	0	862
14	2	862
36	0	862
38	0	862
46	0	862
74	0	862
78	0	862
98	0	862
102	0	862
108	0	862
110	0	862
238	1	862
6	1	904
12	2	904
14	0	904
36	1	904
38	0	904
46	0	904
74	0	904
78	0	904
98	0	904
102	0	904
108	0	904
110	0	904
238	0	904
6	0	906
12	2	906
14	0	906
36	0	906
38	2	906
46	0	906
74	0	906
78	0	906
98	0	906
102	0	906
108	0	906
110	0	906
238	0	906
6	0	908
12	1	908
14	2	908
36	1	908
38	0	908
46	0	908
74	0	908
78	0	908
98	0	908
102	0	908
108	0	908
110	0	908
238	0	908
6	0	910
12	1	910
14	1	910
36	0	910
38	1	910
46	1	910
74	0	910
78	0	910
98	0	910
102	0	910
108	0	910
110	0	910
238	0	910
6	0	922
12	2	922
14	0	922
36	0	922
38	0	922
46	1	922
74	0	922
78	0	922
98	0	922
102	0	922
108	1	922
110	0	922
238	0	922
6	0	924
12	1	924
14	1	924
36	0	924
38	1	924
46	0	924
74	0	924
78	0	924
98	0	924
102	1	924
108	0	924
110	0	924
238	0	924
6	0	926
12	1	926
14	1	926
36	0	926
38	0	926
46	1	926
74	0	926
78	0	926
98	0	926
102	0	926
108	0	926
110	1	926
238	0	926
6	0	972
12	0	972
14	2	972
36	1	972
38	0	972
46	0	972
74	0	972
78	1	972
98	0	972
102	0	972
108	0	972
110	0	972
238	0	972
6	0	974
12	1	974
14	1	974
36	0	974
38	1	974
46	1	974
74	0	974
78	0	974
98	0	974
102	0	974
108	0	974
110	0	974
238	0	974
6	0	990
12	0	990
14	2	990
36	0	990
38	0	990
46	1	990
74	0	990
78	0	990
98	0	990
102	0	990
108	0	990
110	0	990
238	1	990
6	0	2184
12	0	2184
14	0	2184
36	3	2184
38	0	2184
46	0	2184
74	0	2184
78	0	2184
98	0	2184
102	0	2184
108	0	2184
110	0	2184
238	0	2184
6	0	2186
12	0	2186
14	0	2186
36	2	2186
38	1	2186
46	0	2186
74	0	2186
78	0	2186
98	0	2186
102	0	2186
108	0	2186
110	0	2186
238	0	2186
6	1	2190
12	0	2190
14	0	2190
36	1	2190
38	2	2190
46	0	2190
74	0	2190
78	0	2190
98	0	2190
102	0	2190
108	0	2190
110	0	2190
238	0	2190
6	0	2202
12	0	2202
14	0	2202
36	2	2202
38	0	2202
46	1	2202
74	0	2202
78	0	2202
98	0	2202
102	0	2202
108	0	2202
110	0	2202
238	0	2202
6	0	2204
12	1	2204
14	0	2204
36	1	2204
38	2	2204
46	0	2204
74	0	2204
78	0	2204
98	0	2204
102	0	2204
108	0	2204
110	0	2204
238	0	2204
6	0	2206
12	0	2206
14	1	2206
36	1	2206
38	1	2206
46	1	2206
74	0	2206
78	0	2206
98	0	2206
102	0	2206
108	0	2206
110	0	2206
238	0	2206
6	0	2252
12	0	2252
14	0	2252
36	2	2252
38	2	2252
46	0	2252
74	0	2252
78	0	2252
98	0	2252
102	0	2252
108	0	2252
110	0	2252
238	0	2252
6	0	2254
12	0	2254
14	0	2254
36	0	2254
38	4	2254
46	0	2254
74	0	2254
78	0	2254
98	0	2254
102	0	2254
108	0	2254
110	0	2254
238	0	2254
6	0	2270
12	0	2270
14	0	2270
36	0	2270
38	2	2270
46	2	2270
74	0	2270
78	0	2270
98	0	2270
102	0	2270
108	0	2270
110	0	2270
238	0	2270
6	0	2458
12	0	2458
14	0	2458
36	1	2458
38	1	2458
46	1	2458
74	1	2458
78	0	2458
98	0	2458
102	0	2458
108	0	2458
110	0	2458
238	0	2458
6	0	2462
12	0	2462
14	0	2462
36	1	2462
38	0	2462
46	2	2462
74	0	2462
78	1	2462
98	0	2462
102	0	2462
108	0	2462
110	0	2462
238	0	2462
6	0	2506
12	0	2506
14	0	2506
36	0	2506
38	3	2506
46	0	2506
74	0	2506
78	0	2506
98	1	2506
102	0	2506
108	0	2506
110	0	2506
238	0	2506
6	0	2510
12	0	2510
14	0	2510
36	0	2510
38	2	2510
46	1	2510
74	0	2510
78	0	2510
98	0	2510
102	1	2510
108	0	2510
110	0	2510
238	0	2510
6	0	2524
12	0	2524
14	0	2524
36	0	2524
38	2	2524
46	1	2524
74	0	2524
78	0	2524
98	0	2524
102	0	2524
108	1	2524
110	0	2524
238	0	2524
6	0	2526
12	0	2526
14	0	2526
36	0	2526
38	1	2526
46	2	2526
74	0	2526
78	0	2526
98	0	2526
102	0	2526
108	0	2526
110	1	2526
238	0	2526
6	0	3038
12	0	3038
14	0	3038
36	0	3038
38	0	3038
46	3	3038
74	0	3038
78	0	3038
98	0	3038
102	0	3038
108	0	3038
110	0	3038
238	1	3038
6	0	4370
12	0	4370
14	0	4370
36	1	4370
38	0	4370
46	0	4370
74	2	4370
78	0	4370
98	0	4370
102	0	4370
108	0	4370
110	0	4370
238	0	4370
6	0	4374
12	0	4374
14	0	4374
36	0	4374
38	0	4374
46	0	4374
74	2	4374
78	1	4374
98	0	4374
102	0	4374
108	0	4374
110	0	4374
238	0	4374
6	0	4382
12	0	4382
14	0	4382
36	0	4382
38	0	4382
46	0	4382
74	0	4382
78	3	4382
98	0	4382
102	0	4382
108	0	4382
110	0	4382
238	0	4382
6	0	4418
12	1	4418
14	0	4418
36	1	4418
38	0	4418
46	0	4418
74	0	4418
78	0	4418
98	1	4418
102	0	4418
108	0	4418
110	0	4418
238	0	4418
6	0	4420
12	0	4420
14	0	4420
36	0	4420
38	0	4420
46	0	4420
74	2	4420
78	0	4420
98	0	4420
102	0	4420
108	0	4420
110	0	4420
238	0	4420
6	0	4422
12	1	4422
14	0	4422
36	0	4422
38	0	4422
46	0	4422
74	1	4422
78	0	4422
98	0	4422
102	1	4422
108	0	4422
110	0	4422
238	0	4422
6	0	4424
12	1	4424
14	0	4424
36	0	4424
38	0	4424
46	0	4424
74	1	4424
78	0	4424
98	0	4424
102	0	4424
108	0	4424
110	0	4424
238	0	4424
6	0	4426
12	0	4426
14	1	4426
36	0	4426
38	0	4426
46	0	4426
74	1	4426
78	0	4426
98	1	4426
102	0	4426
108	0	4426
110	0	4426
238	0	4426
6	0	4428
12	0	4428
14	0	4428
36	0	4428
38	0	4428
46	0	4428
74	1	4428
78	1	4428
98	0	4428
102	0	4428
108	0	4428
110	0	4428
238	0	4428
6	0	4430
12	0	4430
14	1	4430
36	0	4430
38	0	4430
46	0	4430
74	0	4430
78	1	4430
98	0	4430
102	1	4430
108	0	4430
110	0	4430
238	0	4430
6	0	4434
12	0	4434
14	0	4434
36	1	4434
38	0	4434
46	0	4434
74	1	4434
78	0	4434
98	0	4434
102	1	4434
108	0	4434
110	0	4434
238	0	4434
6	0	4436
12	0	4436
14	0	4436
36	1	4436
38	0	4436
46	0	4436
74	1	4436
78	0	4436
98	0	4436
102	0	4436
108	1	4436
110	0	4436
238	0	4436
6	0	4438
12	0	4438
14	0	4438
36	0	4438
38	0	4438
46	0	4438
74	2	4438
78	0	4438
98	0	4438
102	0	4438
108	0	4438
110	1	4438
238	0	4438
6	0	4440
12	0	4440
14	0	4440
36	0	4440
38	1	4440
46	0	4440
74	2	4440
78	0	4440
98	0	4440
102	0	4440
108	0	4440
110	0	4440
238	0	4440
6	0	4442
12	0	4442
14	0	4442
36	0	4442
38	0	4442
46	0	4442
74	1	4442
78	1	4442
98	0	4442
102	1	4442
108	0	4442
110	0	4442
238	0	4442
6	0	4444
12	0	4444
14	0	4444
36	0	4444
38	0	4444
46	0	4444
74	1	4444
78	1	4444
98	0	4444
102	0	4444
108	1	4444
110	0	4444
238	0	4444
6	0	4446
12	0	4446
14	0	4446
36	0	4446
38	0	4446
46	0	4446
74	0	4446
78	2	4446
98	0	4446
102	0	4446
108	0	4446
110	1	4446
238	0	4446
6	1	4546
12	0	4546
14	0	4546
36	1	4546
38	0	4546
46	0	4546
74	0	4546
78	0	4546
98	2	4546
102	0	4546
108	0	4546
110	0	4546
238	0	4546
6	1	4548
12	1	4548
14	0	4548
36	0	4548
38	0	4548
46	0	4548
74	2	4548
78	0	4548
98	0	4548
102	0	4548
108	0	4548
110	0	4548
238	0	4548
6	1	4550
12	0	4550
14	0	4550
36	0	4550
38	0	4550
46	0	4550
74	1	4550
78	0	4550
98	1	4550
102	1	4550
108	0	4550
110	0	4550
238	0	4550
6	1	4556
12	1	4556
14	0	4556
36	0	4556
38	0	4556
46	0	4556
74	2	4556
78	0	4556
98	0	4556
102	0	4556
108	0	4556
110	0	4556
238	0	4556
6	1	4558
12	0	4558
14	0	4558
36	0	4558
38	0	4558
46	0	4558
74	0	4558
78	1	4558
98	0	4558
102	2	4558
108	0	4558
110	0	4558
238	0	4558
6	1	4562
12	0	4562
14	0	4562
36	1	4562
38	0	4562
46	0	4562
74	0	4562
78	0	4562
98	0	4562
102	2	4562
108	0	4562
110	0	4562
238	0	4562
6	1	4564
12	0	4564
14	0	4564
36	0	4564
38	1	4564
46	0	4564
74	1	4564
78	0	4564
98	0	4564
102	0	4564
108	1	4564
110	0	4564
238	0	4564
6	1	4566
12	0	4566
14	0	4566
36	0	4566
38	0	4566
46	0	4566
74	1	4566
78	0	4566
98	0	4566
102	1	4566
108	0	4566
110	1	4566
238	0	4566
6	1	4572
12	0	4572
14	0	4572
36	0	4572
38	0	4572
46	0	4572
74	0	4572
78	1	4572
98	0	4572
102	0	4572
108	2	4572
110	0	4572
238	0	4572
6	1	4574
12	0	4574
14	0	4574
36	0	4574
38	0	4574
46	0	4574
74	0	4574
78	1	4574
98	0	4574
102	0	4574
108	0	4574
110	2	4574
238	0	4574
6	0	4678
12	2	4678
14	0	4678
36	0	4678
38	1	4678
46	0	4678
74	0	4678
78	0	4678
98	0	4678
102	0	4678
108	0	4678
110	0	4678
238	0	4678
6	0	4682
12	0	4682
14	1	4682
36	0	4682
38	0	4682
46	0	4682
74	1	4682
78	0	4682
98	0	4682
102	0	4682
108	0	4682
110	0	4682
238	0	4682
6	0	4686
12	0	4686
14	2	4686
36	0	4686
38	0	4686
46	0	4686
74	0	4686
78	0	4686
98	0	4686
102	0	4686
108	1	4686
110	0	4686
238	0	4686
6	0	4692
12	1	4692
14	0	4692
36	1	4692
38	0	4692
46	0	4692
74	0	4692
78	0	4692
98	0	4692
102	1	4692
108	0	4692
110	0	4692
238	0	4692
6	0	4694
12	1	4694
14	0	4694
36	0	4694
38	0	4694
46	1	4694
74	1	4694
78	0	4694
98	0	4694
102	0	4694
108	0	4694
110	0	4694
238	0	4694
6	0	4698
12	0	4698
14	0	4698
36	0	4698
38	0	4698
46	0	4698
74	1	4698
78	1	4698
98	0	4698
102	1	4698
108	0	4698
110	0	4698
238	0	4698
6	0	4700
12	0	4700
14	1	4700
36	0	4700
38	0	4700
46	0	4700
74	1	4700
78	0	4700
98	0	4700
102	1	4700
108	0	4700
110	0	4700
238	0	4700
6	0	4702
12	0	4702
14	1	4702
36	0	4702
38	0	4702
46	0	4702
74	0	4702
78	1	4702
98	0	4702
102	0	4702
108	0	4702
110	1	4702
238	0	4702
6	0	4740
12	4	4740
14	0	4740
36	0	4740
38	0	4740
46	0	4740
74	0	4740
78	0	4740
98	0	4740
102	0	4740
108	0	4740
110	0	4740
238	0	4740
6	0	4742
12	2	4742
14	0	4742
36	0	4742
38	1	4742
46	0	4742
74	0	4742
78	0	4742
98	1	4742
102	0	4742
108	0	4742
110	0	4742
238	0	4742
6	0	4748
12	2	4748
14	1	4748
36	0	4748
38	0	4748
46	0	4748
74	1	4748
78	0	4748
98	0	4748
102	0	4748
108	0	4748
110	0	4748
238	0	4748
6	0	4750
12	1	4750
14	1	4750
36	0	4750
38	1	4750
46	0	4750
74	0	4750
78	0	4750
98	0	4750
102	1	4750
108	0	4750
110	0	4750
238	0	4750
6	0	4758
12	2	4758
14	0	4758
36	0	4758
38	0	4758
46	0	4758
74	0	4758
78	0	4758
98	0	4758
102	2	4758
108	0	4758
110	0	4758
238	0	4758
6	0	4764
12	1	4764
14	1	4764
36	0	4764
38	0	4764
46	0	4764
74	0	4764
78	0	4764
98	1	4764
102	0	4764
108	1	4764
110	0	4764
238	0	4764
6	0	4766
12	1	4766
14	1	4766
36	0	4766
38	0	4766
46	0	4766
74	0	4766
78	0	4766
98	0	4766
102	1	4766
108	0	4766
110	1	4766
238	0	4766
6	0	4812
12	0	4812
14	2	4812
36	0	4812
38	0	4812
46	0	4812
74	2	4812
78	0	4812
98	0	4812
102	0	4812
108	0	4812
110	0	4812
238	0	4812
6	0	4814
12	0	4814
14	2	4814
36	0	4814
38	0	4814
46	0	4814
74	0	4814
78	0	4814
98	0	4814
102	1	4814
108	1	4814
110	0	4814
238	0	4814
6	0	4830
12	0	4830
14	2	4830
36	0	4830
38	0	4830
46	0	4830
74	0	4830
78	0	4830
98	0	4830
102	0	4830
108	0	4830
110	2	4830
238	0	4830
6	0	4946
12	0	4946
14	0	4946
36	1	4946
38	0	4946
46	0	4946
74	1	4946
78	0	4946
98	0	4946
102	1	4946
108	0	4946
110	0	4946
238	0	4946
6	0	4950
12	0	4950
14	0	4950
36	0	4950
38	0	4950
46	0	4950
74	2	4950
78	0	4950
98	0	4950
102	0	4950
108	0	4950
110	0	4950
238	1	4950
6	0	4952
12	0	4952
14	0	4952
36	0	4952
38	1	4952
46	0	4952
74	2	4952
78	0	4952
98	0	4952
102	0	4952
108	0	4952
110	0	4952
238	0	4952
6	0	4954
12	0	4954
14	0	4954
36	0	4954
38	0	4954
46	0	4954
74	1	4954
78	1	4954
98	0	4954
102	0	4954
108	0	4954
110	1	4954
238	0	4954
6	0	4958
12	0	4958
14	0	4958
36	0	4958
38	0	4958
46	0	4958
74	0	4958
78	2	4958
98	0	4958
102	0	4958
108	0	4958
110	0	4958
238	1	4958
6	0	4994
12	1	4994
14	0	4994
36	1	4994
38	1	4994
46	0	4994
74	0	4994
78	0	4994
98	1	4994
102	0	4994
108	0	4994
110	0	4994
238	0	4994
6	0	4998
12	1	4998
14	0	4998
36	0	4998
38	0	4998
46	1	4998
74	1	4998
78	0	4998
98	1	4998
102	0	4998
108	0	4998
110	0	4998
238	0	4998
6	0	5002
12	1	5002
14	0	5002
36	0	5002
38	1	5002
46	0	5002
74	1	5002
78	0	5002
98	0	5002
102	1	5002
108	0	5002
110	0	5002
238	0	5002
6	0	5004
12	1	5004
14	1	5004
36	0	5004
38	0	5004
46	0	5004
74	1	5004
78	1	5004
98	0	5004
102	0	5004
108	0	5004
110	0	5004
238	0	5004
6	0	5006
12	1	5006
14	0	5006
36	0	5006
38	0	5006
46	1	5006
74	0	5006
78	1	5006
98	0	5006
102	1	5006
108	0	5006
110	0	5006
238	0	5006
6	0	5010
12	1	5010
14	0	5010
36	1	5010
38	0	5010
46	0	5010
74	0	5010
78	0	5010
98	0	5010
102	1	5010
108	1	5010
110	0	5010
238	0	5010
6	0	5012
12	1	5012
14	0	5012
36	0	5012
38	1	5012
46	0	5012
74	1	5012
78	0	5012
98	0	5012
102	1	5012
108	0	5012
110	0	5012
238	0	5012
6	0	5014
12	1	5014
14	0	5014
36	0	5014
38	0	5014
46	0	5014
74	1	5014
78	0	5014
98	0	5014
102	1	5014
108	0	5014
110	1	5014
238	0	5014
6	0	5016
12	1	5016
14	0	5016
36	0	5016
38	1	5016
46	0	5016
74	1	5016
78	0	5016
98	0	5016
102	0	5016
108	1	5016
110	0	5016
238	0	5016
6	0	5018
12	1	5018
14	0	5018
36	0	5018
38	0	5018
46	0	5018
74	1	5018
78	0	5018
98	0	5018
102	0	5018
108	1	5018
110	1	5018
238	0	5018
6	0	5020
12	1	5020
14	0	5020
36	0	5020
38	0	5020
46	0	5020
74	0	5020
78	1	5020
98	0	5020
102	1	5020
108	1	5020
110	0	5020
238	0	5020
6	0	5022
12	1	5022
14	0	5022
36	0	5022
38	0	5022
46	0	5022
74	0	5022
78	1	5022
98	0	5022
102	0	5022
108	0	5022
110	2	5022
238	0	5022
6	0	5058
12	0	5058
14	1	5058
36	1	5058
38	0	5058
46	0	5058
74	0	5058
78	0	5058
98	1	5058
102	1	5058
108	0	5058
110	0	5058
238	0	5058
6	0	5062
12	0	5062
14	1	5062
36	0	5062
38	0	5062
46	0	5062
74	1	5062
78	0	5062
98	1	5062
102	0	5062
108	0	5062
110	1	5062
238	0	5062
6	0	5064
12	0	5064
14	2	5064
36	0	5064
38	0	5064
46	0	5064
74	2	5064
78	0	5064
98	0	5064
102	0	5064
108	0	5064
110	0	5064
238	0	5064
6	0	5066
12	0	5066
14	1	5066
36	0	5066
38	0	5066
46	0	5066
74	1	5066
78	0	5066
98	0	5066
102	2	5066
108	0	5066
110	0	5066
238	0	5066
6	0	5068
12	0	5068
14	1	5068
36	0	5068
38	0	5068
46	0	5068
74	1	5068
78	2	5068
98	0	5068
102	0	5068
108	0	5068
110	0	5068
238	0	5068
6	0	5070
12	0	5070
14	1	5070
36	0	5070
38	0	5070
46	0	5070
74	0	5070
78	1	5070
98	0	5070
102	1	5070
108	0	5070
110	1	5070
238	0	5070
6	0	5074
12	0	5074
14	1	5074
36	1	5074
38	0	5074
46	0	5074
74	0	5074
78	0	5074
98	0	5074
102	1	5074
108	0	5074
110	1	5074
238	0	5074
6	0	5076
12	0	5076
14	1	5076
36	0	5076
38	1	5076
46	0	5076
74	1	5076
78	0	5076
98	0	5076
102	0	5076
108	0	5076
110	1	5076
238	0	5076
6	0	5078
12	0	5078
14	1	5078
36	0	5078
38	0	5078
46	0	5078
74	1	5078
78	0	5078
98	0	5078
102	1	5078
108	0	5078
110	0	5078
238	1	5078
6	0	5080
12	0	5080
14	1	5080
36	0	5080
38	0	5080
46	1	5080
74	1	5080
78	0	5080
98	0	5080
102	0	5080
108	1	5080
110	0	5080
238	0	5080
6	0	5082
12	0	5082
14	1	5082
36	0	5082
38	0	5082
46	0	5082
74	1	5082
78	0	5082
98	0	5082
102	0	5082
108	0	5082
110	2	5082
238	0	5082
6	0	5084
12	0	5084
14	1	5084
36	0	5084
38	0	5084
46	0	5084
74	0	5084
78	1	5084
98	0	5084
102	0	5084
108	1	5084
110	1	5084
238	0	5084
6	0	5086
12	0	5086
14	1	5086
36	0	5086
38	0	5086
46	0	5086
74	0	5086
78	1	5086
98	0	5086
102	0	5086
108	0	5086
110	1	5086
238	1	5086
6	0	6342
12	0	6342
14	0	6342
36	0	6342
38	2	6342
46	0	6342
74	0	6342
78	0	6342
98	2	6342
102	0	6342
108	0	6342
110	0	6342
238	0	6342
6	0	6348
12	0	6348
14	0	6348
36	1	6348
38	1	6348
46	0	6348
74	1	6348
78	0	6348
98	0	6348
102	1	6348
108	0	6348
110	0	6348
238	0	6348
6	0	6350
12	0	6350
14	0	6350
36	0	6350
38	2	6350
46	0	6350
74	0	6350
78	0	6350
98	0	6350
102	2	6350
108	0	6350
110	0	6350
238	0	6350
6	0	6356
12	0	6356
14	0	6356
36	0	6356
38	3	6356
46	0	6356
74	0	6356
78	0	6356
98	1	6356
102	0	6356
108	0	6356
110	0	6356
238	0	6356
6	0	6358
12	0	6358
14	0	6358
36	0	6358
38	1	6358
46	1	6358
74	0	6358
78	0	6358
98	1	6358
102	1	6358
108	0	6358
110	0	6358
238	0	6358
6	0	6364
12	0	6364
14	0	6364
36	0	6364
38	2	6364
46	0	6364
74	0	6364
78	0	6364
98	0	6364
102	1	6364
108	1	6364
110	0	6364
238	0	6364
6	0	6366
12	0	6366
14	0	6366
36	0	6366
38	1	6366
46	1	6366
74	0	6366
78	0	6366
98	0	6366
102	1	6366
108	0	6366
110	1	6366
238	0	6366
6	0	6550
12	0	6550
14	0	6550
36	1	6550
38	0	6550
46	0	6550
74	0	6550
78	1	6550
98	0	6550
102	2	6550
108	0	6550
110	0	6550
238	0	6550
6	0	6552
12	0	6552
14	0	6552
36	2	6552
38	0	6552
46	0	6552
74	0	6552
78	0	6552
98	0	6552
102	0	6552
108	2	6552
110	0	6552
238	0	6552
6	0	6554
12	0	6554
14	0	6554
36	1	6554
38	0	6554
46	0	6554
74	1	6554
78	0	6554
98	0	6554
102	0	6554
108	1	6554
110	1	6554
238	0	6554
6	0	6558
12	0	6558
14	0	6558
36	1	6558
38	0	6558
46	0	6558
74	0	6558
78	1	6558
98	0	6558
102	0	6558
108	0	6558
110	2	6558
238	0	6558
6	0	6598
12	0	6598
14	0	6598
36	0	6598
38	1	6598
46	0	6598
74	0	6598
78	0	6598
98	1	6598
102	2	6598
108	0	6598
110	0	6598
238	0	6598
6	0	6602
12	0	6602
14	0	6602
36	0	6602
38	1	6602
46	0	6602
74	0	6602
78	0	6602
98	1	6602
102	1	6602
108	1	6602
110	0	6602
238	0	6602
6	0	6604
12	0	6604
14	0	6604
36	0	6604
38	1	6604
46	0	6604
74	2	6604
78	0	6604
98	0	6604
102	0	6604
108	0	6604
110	1	6604
238	0	6604
6	0	6606
12	0	6606
14	0	6606
36	0	6606
38	1	6606
46	0	6606
74	0	6606
78	0	6606
98	0	6606
102	2	6606
108	0	6606
110	1	6606
238	0	6606
6	0	6614
12	0	6614
14	0	6614
36	0	6614
38	1	6614
46	0	6614
74	0	6614
78	0	6614
98	0	6614
102	2	6614
108	0	6614
110	1	6614
238	0	6614
6	0	6616
12	0	6616
14	0	6616
36	0	6616
38	2	6616
46	0	6616
74	0	6616
78	0	6616
98	0	6616
102	0	6616
108	2	6616
110	0	6616
238	0	6616
6	0	6618
12	0	6618
14	0	6618
36	0	6618
38	1	6618
46	0	6618
74	0	6618
78	0	6618
98	0	6618
102	1	6618
108	1	6618
110	1	6618
238	0	6618
6	0	6620
12	0	6620
14	0	6620
36	0	6620
38	1	6620
46	0	6620
74	0	6620
78	0	6620
98	0	6620
102	0	6620
108	2	6620
110	1	6620
238	0	6620
6	0	6622
12	0	6622
14	0	6622
36	0	6622
38	1	6622
46	0	6622
74	0	6622
78	0	6622
98	0	6622
102	0	6622
108	0	6622
110	3	6622
238	0	6622
6	0	6854
12	0	6854
14	0	6854
36	0	6854
38	0	6854
46	1	6854
74	0	6854
78	0	6854
98	2	6854
102	0	6854
108	1	6854
110	0	6854
238	0	6854
6	0	6858
12	0	6858
14	0	6858
36	0	6858
38	0	6858
46	1	6858
74	2	6858
78	0	6858
98	0	6858
102	1	6858
108	0	6858
110	0	6858
238	0	6858
6	0	6862
12	0	6862
14	0	6862
36	0	6862
38	0	6862
46	1	6862
74	0	6862
78	0	6862
98	0	6862
102	2	6862
108	1	6862
110	0	6862
238	0	6862
6	0	6870
12	0	6870
14	0	6870
36	0	6870
38	0	6870
46	1	6870
74	0	6870
78	0	6870
98	1	6870
102	1	6870
108	0	6870
110	1	6870
238	0	6870
6	0	6874
12	0	6874
14	0	6874
36	0	6874
38	0	6874
46	1	6874
74	1	6874
78	1	6874
98	0	6874
102	0	6874
108	0	6874
110	1	6874
238	0	6874
6	0	6876
12	0	6876
14	0	6876
36	0	6876
38	0	6876
46	1	6876
74	0	6876
78	0	6876
98	0	6876
102	2	6876
108	1	6876
110	0	6876
238	0	6876
6	0	6878
12	0	6878
14	0	6878
36	0	6878
38	0	6878
46	1	6878
74	0	6878
78	0	6878
98	0	6878
102	1	6878
108	0	6878
110	2	6878
238	0	6878
6	0	7126
12	0	7126
14	0	7126
36	0	7126
38	0	7126
46	1	7126
74	0	7126
78	0	7126
98	0	7126
102	2	7126
108	0	7126
110	0	7126
238	1	7126
6	0	7128
12	0	7128
14	0	7128
36	0	7128
38	0	7128
46	2	7128
74	0	7128
78	0	7128
98	0	7128
102	0	7128
108	2	7128
110	0	7128
238	0	7128
6	0	7130
12	0	7130
14	0	7130
36	0	7130
38	0	7130
46	1	7130
74	0	7130
78	0	7130
98	0	7130
102	0	7130
108	1	7130
110	2	7130
238	0	7130
6	0	7134
12	0	7134
14	0	7134
36	0	7134
38	0	7134
46	1	7134
74	0	7134
78	0	7134
98	0	7134
102	0	7134
108	0	7134
110	2	7134
238	1	7134
6	0	13142
12	0	13142
14	0	13142
36	0	13142
38	0	13142
46	0	13142
74	2	13142
78	0	13142
98	0	13142
102	0	13142
108	1	13142
110	0	13142
238	1	13142
6	0	13146
12	0	13146
14	0	13146
36	0	13146
38	0	13146
46	0	13146
74	2	13146
78	0	13146
98	0	13146
102	0	13146
108	0	13146
110	2	13146
238	0	13146
6	0	13148
12	0	13148
14	0	13148
36	0	13148
38	0	13148
46	0	13148
74	1	13148
78	1	13148
98	0	13148
102	1	13148
108	0	13148
110	1	13148
238	0	13148
6	0	13150
12	0	13150
14	0	13150
36	0	13150
38	0	13150
46	0	13150
74	1	13150
78	1	13150
98	0	13150
102	0	13150
108	0	13150
110	1	13150
238	1	13150
6	0	13260
12	0	13260
14	0	13260
36	0	13260
38	0	13260
46	0	13260
74	0	13260
78	4	13260
98	0	13260
102	0	13260
108	0	13260
110	0	13260
238	0	13260
6	0	13262
12	0	13262
14	0	13262
36	0	13262
38	0	13262
46	0	13262
74	0	13262
78	2	13262
98	0	13262
102	0	13262
108	0	13262
110	2	13262
238	0	13262
6	0	13278
12	0	13278
14	0	13278
36	0	13278
38	0	13278
46	0	13278
74	0	13278
78	2	13278
98	0	13278
102	0	13278
108	0	13278
110	0	13278
238	2	13278
6	0	14678
12	0	14678
14	0	14678
36	0	14678
38	0	14678
46	0	14678
74	0	14678
78	0	14678
98	1	14678
102	1	14678
108	1	14678
110	1	14678
238	0	14678
6	0	14686
12	0	14686
14	0	14686
36	0	14686
38	0	14686
46	0	14686
74	0	14686
78	0	14686
98	1	14686
102	0	14686
108	0	14686
110	3	14686
238	0	14686
6	0	14790
12	0	14790
14	0	14790
36	0	14790
38	0	14790
46	0	14790
74	0	14790
78	0	14790
98	0	14790
102	4	14790
108	0	14790
110	0	14790
238	0	14790
6	0	14798
12	0	14798
14	0	14798
36	0	14798
38	0	14798
46	0	14798
74	0	14798
78	0	14798
98	0	14798
102	2	14798
108	0	14798
110	2	14798
238	0	14798
6	0	14810
12	0	14810
14	0	14810
36	0	14810
38	0	14810
46	0	14810
74	0	14810
78	0	14810
98	0	14810
102	2	14810
108	1	14810
110	0	14810
238	1	14810
6	0	14812
12	0	14812
14	0	14812
36	0	14812
38	0	14812
46	0	14812
74	0	14812
78	0	14812
98	0	14812
102	1	14812
108	1	14812
110	2	14812
238	0	14812
6	0	14814
12	0	14814
14	0	14814
36	0	14814
38	0	14814
46	0	14814
74	0	14814
78	0	14814
98	0	14814
102	1	14814
108	0	14814
110	2	14814
238	1	14814
6	0	15258
12	0	15258
14	0	15258
36	0	15258
38	0	15258
46	0	15258
74	0	15258
78	0	15258
98	0	15258
102	0	15258
108	3	15258
110	0	15258
238	1	15258
6	0	15262
12	0	15262
14	0	15262
36	0	15262
38	0	15262
46	0	15262
74	0	15262
78	0	15262
98	0	15262
102	0	15262
108	1	15262
110	2	15262
238	1	15262
6	0	15310
12	0	15310
14	0	15310
36	0	15310
38	0	15310
46	0	15310
74	0	15310
78	0	15310
98	0	15310
102	0	15310
108	0	15310
110	4	15310
238	0	15310
6	0	15326
12	0	15326
14	0	15326
36	0	15326
38	0	15326
46	0	15326
74	0	15326
78	0	15326
98	0	15326
102	0	15326
108	0	15326
110	2	15326
238	2	15326
6	0	31710
12	0	31710
14	0	31710
36	0	31710
38	0	31710
46	0	31710
74	0	31710
78	0	31710
98	0	31710
102	0	31710
108	0	31710
110	0	31710
238	4	31710
